# PMR-QMC Simulation Input File
# Generated by Python preprocessor script.

SIMULATION_PARAMS_BEGIN
  N         100
  NOP       200
  NCYCLES   100
  BETA      10.0
  TSTEPS    100
  STEPS     100000
  STEPS_PER_MEASUREMENT 10
  QMAX      5
  NBINS     20
SIMULATION_PARAMS_END

P_MATRIX_BEGIN
0000000000000000000000000000000000000000000000000000000000000000000000000000000000000000000000000001
0000000000000000000000000000000000000000000000000000000000000000000000000000000000000000000000000010
0000000000000000000000000000000000000000000000000000000000000000000000000000000000000000000000000011
0000000000000000000000000000000000000000000000000000000000000000000000000000000000000000000000000100
0000000000000000000000000000000000000000000000000000000000000000000000000000000000000000000000000110
0000000000000000000000000000000000000000000000000000000000000000000000000000000000000000000000001000
0000000000000000000000000000000000000000000000000000000000000000000000000000000000000000000000001100
0000000000000000000000000000000000000000000000000000000000000000000000000000000000000000000000010000
0000000000000000000000000000000000000000000000000000000000000000000000000000000000000000000000011000
0000000000000000000000000000000000000000000000000000000000000000000000000000000000000000000000100000
0000000000000000000000000000000000000000000000000000000000000000000000000000000000000000000000110000
0000000000000000000000000000000000000000000000000000000000000000000000000000000000000000000001000000
0000000000000000000000000000000000000000000000000000000000000000000000000000000000000000000001100000
0000000000000000000000000000000000000000000000000000000000000000000000000000000000000000000010000000
0000000000000000000000000000000000000000000000000000000000000000000000000000000000000000000011000000
0000000000000000000000000000000000000000000000000000000000000000000000000000000000000000000100000000
0000000000000000000000000000000000000000000000000000000000000000000000000000000000000000000110000000
0000000000000000000000000000000000000000000000000000000000000000000000000000000000000000001000000000
0000000000000000000000000000000000000000000000000000000000000000000000000000000000000000001100000000
0000000000000000000000000000000000000000000000000000000000000000000000000000000000000000010000000000
0000000000000000000000000000000000000000000000000000000000000000000000000000000000000000011000000000
0000000000000000000000000000000000000000000000000000000000000000000000000000000000000000100000000000
0000000000000000000000000000000000000000000000000000000000000000000000000000000000000000110000000000
0000000000000000000000000000000000000000000000000000000000000000000000000000000000000001000000000000
0000000000000000000000000000000000000000000000000000000000000000000000000000000000000001100000000000
0000000000000000000000000000000000000000000000000000000000000000000000000000000000000010000000000000
0000000000000000000000000000000000000000000000000000000000000000000000000000000000000011000000000000
0000000000000000000000000000000000000000000000000000000000000000000000000000000000000100000000000000
0000000000000000000000000000000000000000000000000000000000000000000000000000000000000110000000000000
0000000000000000000000000000000000000000000000000000000000000000000000000000000000001000000000000000
0000000000000000000000000000000000000000000000000000000000000000000000000000000000001100000000000000
0000000000000000000000000000000000000000000000000000000000000000000000000000000000010000000000000000
0000000000000000000000000000000000000000000000000000000000000000000000000000000000011000000000000000
0000000000000000000000000000000000000000000000000000000000000000000000000000000000100000000000000000
0000000000000000000000000000000000000000000000000000000000000000000000000000000000110000000000000000
0000000000000000000000000000000000000000000000000000000000000000000000000000000001000000000000000000
0000000000000000000000000000000000000000000000000000000000000000000000000000000001100000000000000000
0000000000000000000000000000000000000000000000000000000000000000000000000000000010000000000000000000
0000000000000000000000000000000000000000000000000000000000000000000000000000000011000000000000000000
0000000000000000000000000000000000000000000000000000000000000000000000000000000100000000000000000000
0000000000000000000000000000000000000000000000000000000000000000000000000000000110000000000000000000
0000000000000000000000000000000000000000000000000000000000000000000000000000001000000000000000000000
0000000000000000000000000000000000000000000000000000000000000000000000000000001100000000000000000000
0000000000000000000000000000000000000000000000000000000000000000000000000000010000000000000000000000
0000000000000000000000000000000000000000000000000000000000000000000000000000011000000000000000000000
0000000000000000000000000000000000000000000000000000000000000000000000000000100000000000000000000000
0000000000000000000000000000000000000000000000000000000000000000000000000000110000000000000000000000
0000000000000000000000000000000000000000000000000000000000000000000000000001000000000000000000000000
0000000000000000000000000000000000000000000000000000000000000000000000000001100000000000000000000000
0000000000000000000000000000000000000000000000000000000000000000000000000010000000000000000000000000
0000000000000000000000000000000000000000000000000000000000000000000000000011000000000000000000000000
0000000000000000000000000000000000000000000000000000000000000000000000000100000000000000000000000000
0000000000000000000000000000000000000000000000000000000000000000000000000110000000000000000000000000
0000000000000000000000000000000000000000000000000000000000000000000000001000000000000000000000000000
0000000000000000000000000000000000000000000000000000000000000000000000001100000000000000000000000000
0000000000000000000000000000000000000000000000000000000000000000000000010000000000000000000000000000
0000000000000000000000000000000000000000000000000000000000000000000000011000000000000000000000000000
0000000000000000000000000000000000000000000000000000000000000000000000100000000000000000000000000000
0000000000000000000000000000000000000000000000000000000000000000000000110000000000000000000000000000
0000000000000000000000000000000000000000000000000000000000000000000001000000000000000000000000000000
0000000000000000000000000000000000000000000000000000000000000000000001100000000000000000000000000000
0000000000000000000000000000000000000000000000000000000000000000000010000000000000000000000000000000
0000000000000000000000000000000000000000000000000000000000000000000011000000000000000000000000000000
0000000000000000000000000000000000000000000000000000000000000000000100000000000000000000000000000000
0000000000000000000000000000000000000000000000000000000000000000000110000000000000000000000000000000
0000000000000000000000000000000000000000000000000000000000000000001000000000000000000000000000000000
0000000000000000000000000000000000000000000000000000000000000000001100000000000000000000000000000000
0000000000000000000000000000000000000000000000000000000000000000010000000000000000000000000000000000
0000000000000000000000000000000000000000000000000000000000000000011000000000000000000000000000000000
0000000000000000000000000000000000000000000000000000000000000000100000000000000000000000000000000000
0000000000000000000000000000000000000000000000000000000000000000110000000000000000000000000000000000
0000000000000000000000000000000000000000000000000000000000000001000000000000000000000000000000000000
0000000000000000000000000000000000000000000000000000000000000001100000000000000000000000000000000000
0000000000000000000000000000000000000000000000000000000000000010000000000000000000000000000000000000
0000000000000000000000000000000000000000000000000000000000000011000000000000000000000000000000000000
0000000000000000000000000000000000000000000000000000000000000100000000000000000000000000000000000000
0000000000000000000000000000000000000000000000000000000000000110000000000000000000000000000000000000
0000000000000000000000000000000000000000000000000000000000001000000000000000000000000000000000000000
0000000000000000000000000000000000000000000000000000000000001100000000000000000000000000000000000000
0000000000000000000000000000000000000000000000000000000000010000000000000000000000000000000000000000
0000000000000000000000000000000000000000000000000000000000011000000000000000000000000000000000000000
0000000000000000000000000000000000000000000000000000000000100000000000000000000000000000000000000000
0000000000000000000000000000000000000000000000000000000000110000000000000000000000000000000000000000
0000000000000000000000000000000000000000000000000000000001000000000000000000000000000000000000000000
0000000000000000000000000000000000000000000000000000000001100000000000000000000000000000000000000000
0000000000000000000000000000000000000000000000000000000010000000000000000000000000000000000000000000
0000000000000000000000000000000000000000000000000000000011000000000000000000000000000000000000000000
0000000000000000000000000000000000000000000000000000000100000000000000000000000000000000000000000000
0000000000000000000000000000000000000000000000000000000110000000000000000000000000000000000000000000
0000000000000000000000000000000000000000000000000000001000000000000000000000000000000000000000000000
0000000000000000000000000000000000000000000000000000001100000000000000000000000000000000000000000000
0000000000000000000000000000000000000000000000000000010000000000000000000000000000000000000000000000
0000000000000000000000000000000000000000000000000000011000000000000000000000000000000000000000000000
0000000000000000000000000000000000000000000000000000100000000000000000000000000000000000000000000000
0000000000000000000000000000000000000000000000000000110000000000000000000000000000000000000000000000
0000000000000000000000000000000000000000000000000001000000000000000000000000000000000000000000000000
0000000000000000000000000000000000000000000000000001100000000000000000000000000000000000000000000000
0000000000000000000000000000000000000000000000000010000000000000000000000000000000000000000000000000
0000000000000000000000000000000000000000000000000011000000000000000000000000000000000000000000000000
0000000000000000000000000000000000000000000000000100000000000000000000000000000000000000000000000000
0000000000000000000000000000000000000000000000000110000000000000000000000000000000000000000000000000
0000000000000000000000000000000000000000000000001000000000000000000000000000000000000000000000000000
0000000000000000000000000000000000000000000000001100000000000000000000000000000000000000000000000000
0000000000000000000000000000000000000000000000010000000000000000000000000000000000000000000000000000
0000000000000000000000000000000000000000000000011000000000000000000000000000000000000000000000000000
0000000000000000000000000000000000000000000000100000000000000000000000000000000000000000000000000000
0000000000000000000000000000000000000000000000110000000000000000000000000000000000000000000000000000
0000000000000000000000000000000000000000000001000000000000000000000000000000000000000000000000000000
0000000000000000000000000000000000000000000001100000000000000000000000000000000000000000000000000000
0000000000000000000000000000000000000000000010000000000000000000000000000000000000000000000000000000
0000000000000000000000000000000000000000000011000000000000000000000000000000000000000000000000000000
0000000000000000000000000000000000000000000100000000000000000000000000000000000000000000000000000000
0000000000000000000000000000000000000000000110000000000000000000000000000000000000000000000000000000
0000000000000000000000000000000000000000001000000000000000000000000000000000000000000000000000000000
0000000000000000000000000000000000000000001100000000000000000000000000000000000000000000000000000000
0000000000000000000000000000000000000000010000000000000000000000000000000000000000000000000000000000
0000000000000000000000000000000000000000011000000000000000000000000000000000000000000000000000000000
0000000000000000000000000000000000000000100000000000000000000000000000000000000000000000000000000000
0000000000000000000000000000000000000000110000000000000000000000000000000000000000000000000000000000
0000000000000000000000000000000000000001000000000000000000000000000000000000000000000000000000000000
0000000000000000000000000000000000000001100000000000000000000000000000000000000000000000000000000000
0000000000000000000000000000000000000010000000000000000000000000000000000000000000000000000000000000
0000000000000000000000000000000000000011000000000000000000000000000000000000000000000000000000000000
0000000000000000000000000000000000000100000000000000000000000000000000000000000000000000000000000000
0000000000000000000000000000000000000110000000000000000000000000000000000000000000000000000000000000
0000000000000000000000000000000000001000000000000000000000000000000000000000000000000000000000000000
0000000000000000000000000000000000001100000000000000000000000000000000000000000000000000000000000000
0000000000000000000000000000000000010000000000000000000000000000000000000000000000000000000000000000
0000000000000000000000000000000000011000000000000000000000000000000000000000000000000000000000000000
0000000000000000000000000000000000100000000000000000000000000000000000000000000000000000000000000000
0000000000000000000000000000000000110000000000000000000000000000000000000000000000000000000000000000
0000000000000000000000000000000001000000000000000000000000000000000000000000000000000000000000000000
0000000000000000000000000000000001100000000000000000000000000000000000000000000000000000000000000000
0000000000000000000000000000000010000000000000000000000000000000000000000000000000000000000000000000
0000000000000000000000000000000011000000000000000000000000000000000000000000000000000000000000000000
0000000000000000000000000000000100000000000000000000000000000000000000000000000000000000000000000000
0000000000000000000000000000000110000000000000000000000000000000000000000000000000000000000000000000
0000000000000000000000000000001000000000000000000000000000000000000000000000000000000000000000000000
0000000000000000000000000000001100000000000000000000000000000000000000000000000000000000000000000000
0000000000000000000000000000010000000000000000000000000000000000000000000000000000000000000000000000
0000000000000000000000000000011000000000000000000000000000000000000000000000000000000000000000000000
0000000000000000000000000000100000000000000000000000000000000000000000000000000000000000000000000000
0000000000000000000000000000110000000000000000000000000000000000000000000000000000000000000000000000
0000000000000000000000000001000000000000000000000000000000000000000000000000000000000000000000000000
0000000000000000000000000001100000000000000000000000000000000000000000000000000000000000000000000000
0000000000000000000000000010000000000000000000000000000000000000000000000000000000000000000000000000
0000000000000000000000000011000000000000000000000000000000000000000000000000000000000000000000000000
0000000000000000000000000100000000000000000000000000000000000000000000000000000000000000000000000000
0000000000000000000000000110000000000000000000000000000000000000000000000000000000000000000000000000
0000000000000000000000001000000000000000000000000000000000000000000000000000000000000000000000000000
0000000000000000000000001100000000000000000000000000000000000000000000000000000000000000000000000000
0000000000000000000000010000000000000000000000000000000000000000000000000000000000000000000000000000
0000000000000000000000011000000000000000000000000000000000000000000000000000000000000000000000000000
0000000000000000000000100000000000000000000000000000000000000000000000000000000000000000000000000000
0000000000000000000000110000000000000000000000000000000000000000000000000000000000000000000000000000
0000000000000000000001000000000000000000000000000000000000000000000000000000000000000000000000000000
0000000000000000000001100000000000000000000000000000000000000000000000000000000000000000000000000000
0000000000000000000010000000000000000000000000000000000000000000000000000000000000000000000000000000
0000000000000000000011000000000000000000000000000000000000000000000000000000000000000000000000000000
0000000000000000000100000000000000000000000000000000000000000000000000000000000000000000000000000000
0000000000000000000110000000000000000000000000000000000000000000000000000000000000000000000000000000
0000000000000000001000000000000000000000000000000000000000000000000000000000000000000000000000000000
0000000000000000001100000000000000000000000000000000000000000000000000000000000000000000000000000000
0000000000000000010000000000000000000000000000000000000000000000000000000000000000000000000000000000
0000000000000000011000000000000000000000000000000000000000000000000000000000000000000000000000000000
0000000000000000100000000000000000000000000000000000000000000000000000000000000000000000000000000000
0000000000000000110000000000000000000000000000000000000000000000000000000000000000000000000000000000
0000000000000001000000000000000000000000000000000000000000000000000000000000000000000000000000000000
0000000000000001100000000000000000000000000000000000000000000000000000000000000000000000000000000000
0000000000000010000000000000000000000000000000000000000000000000000000000000000000000000000000000000
0000000000000011000000000000000000000000000000000000000000000000000000000000000000000000000000000000
0000000000000100000000000000000000000000000000000000000000000000000000000000000000000000000000000000
0000000000000110000000000000000000000000000000000000000000000000000000000000000000000000000000000000
0000000000001000000000000000000000000000000000000000000000000000000000000000000000000000000000000000
0000000000001100000000000000000000000000000000000000000000000000000000000000000000000000000000000000
0000000000010000000000000000000000000000000000000000000000000000000000000000000000000000000000000000
0000000000011000000000000000000000000000000000000000000000000000000000000000000000000000000000000000
0000000000100000000000000000000000000000000000000000000000000000000000000000000000000000000000000000
0000000000110000000000000000000000000000000000000000000000000000000000000000000000000000000000000000
0000000001000000000000000000000000000000000000000000000000000000000000000000000000000000000000000000
0000000001100000000000000000000000000000000000000000000000000000000000000000000000000000000000000000
0000000010000000000000000000000000000000000000000000000000000000000000000000000000000000000000000000
0000000011000000000000000000000000000000000000000000000000000000000000000000000000000000000000000000
0000000100000000000000000000000000000000000000000000000000000000000000000000000000000000000000000000
0000000110000000000000000000000000000000000000000000000000000000000000000000000000000000000000000000
0000001000000000000000000000000000000000000000000000000000000000000000000000000000000000000000000000
0000001100000000000000000000000000000000000000000000000000000000000000000000000000000000000000000000
0000010000000000000000000000000000000000000000000000000000000000000000000000000000000000000000000000
0000011000000000000000000000000000000000000000000000000000000000000000000000000000000000000000000000
0000100000000000000000000000000000000000000000000000000000000000000000000000000000000000000000000000
0000110000000000000000000000000000000000000000000000000000000000000000000000000000000000000000000000
0001000000000000000000000000000000000000000000000000000000000000000000000000000000000000000000000000
0001100000000000000000000000000000000000000000000000000000000000000000000000000000000000000000000000
0010000000000000000000000000000000000000000000000000000000000000000000000000000000000000000000000000
0011000000000000000000000000000000000000000000000000000000000000000000000000000000000000000000000000
0100000000000000000000000000000000000000000000000000000000000000000000000000000000000000000000000000
0110000000000000000000000000000000000000000000000000000000000000000000000000000000000000000000000000
1000000000000000000000000000000000000000000000000000000000000000000000000000000000000000000000000000
1000000000000000000000000000000000000000000000000000000000000000000000000000000000000000000000000001
1100000000000000000000000000000000000000000000000000000000000000000000000000000000000000000000000000
P_MATRIX_END

CYCLES_BEGIN
00000000000000000000000000000000000000000000000000000000000000000000000000000000000000000000000000000000000000000000000000000000000000000000000000000000000000000000000000000000000000000000000000000111
00000000000000000000000000000000000000000000000000000000000000000000000000000000000000000000000000000000000000000000000000000000000000000000000000000000000000000000000000000000000000000000000000011010
00000000000000000000000000000000000000000000000000000000000000000000000000000000000000000000000000000000000000000000000000000000000000000000000000000000000000000000000000000000000000000000000001101000
00000000000000000000000000000000000000000000000000000000000000000000000000000000000000000000000000000000000000000000000000000000000000000000000000000000000000000000000000000000000000000000000110100000
00000000000000000000000000000000000000000000000000000000000000000000000000000000000000000000000000000000000000000000000000000000000000000000000000000000000000000000000000000000000000000000011010000000
00000000000000000000000000000000000000000000000000000000000000000000000000000000000000000000000000000000000000000000000000000000000000000000000000000000000000000000000000000000000000000001101000000000
00000000000000000000000000000000000000000000000000000000000000000000000000000000000000000000000000000000000000000000000000000000000000000000000000000000000000000000000000000000000000000110100000000000
00000000000000000000000000000000000000000000000000000000000000000000000000000000000000000000000000000000000000000000000000000000000000000000000000000000000000000000000000000000000000011010000000000000
00000000000000000000000000000000000000000000000000000000000000000000000000000000000000000000000000000000000000000000000000000000000000000000000000000000000000000000000000000000000001101000000000000000
00000000000000000000000000000000000000000000000000000000000000000000000000000000000000000000000000000000000000000000000000000000000000000000000000000000000000000000000000000000000110100000000000000000
00000000000000000000000000000000000000000000000000000000000000000000000000000000000000000000000000000000000000000000000000000000000000000000000000000000000000000000000000000000011010000000000000000000
00000000000000000000000000000000000000000000000000000000000000000000000000000000000000000000000000000000000000000000000000000000000000000000000000000000000000000000000000000001101000000000000000000000
00000000000000000000000000000000000000000000000000000000000000000000000000000000000000000000000000000000000000000000000000000000000000000000000000000000000000000000000000000110100000000000000000000000
00000000000000000000000000000000000000000000000000000000000000000000000000000000000000000000000000000000000000000000000000000000000000000000000000000000000000000000000000011010000000000000000000000000
00000000000000000000000000000000000000000000000000000000000000000000000000000000000000000000000000000000000000000000000000000000000000000000000000000000000000000000000001101000000000000000000000000000
00000000000000000000000000000000000000000000000000000000000000000000000000000000000000000000000000000000000000000000000000000000000000000000000000000000000000000000000110100000000000000000000000000000
00000000000000000000000000000000000000000000000000000000000000000000000000000000000000000000000000000000000000000000000000000000000000000000000000000000000000000000011010000000000000000000000000000000
00000000000000000000000000000000000000000000000000000000000000000000000000000000000000000000000000000000000000000000000000000000000000000000000000000000000000000001101000000000000000000000000000000000
00000000000000000000000000000000000000000000000000000000000000000000000000000000000000000000000000000000000000000000000000000000000000000000000000000000000000000110100000000000000000000000000000000000
00000000000000000000000000000000000000000000000000000000000000000000000000000000000000000000000000000000000000000000000000000000000000000000000000000000000000011010000000000000000000000000000000000000
00000000000000000000000000000000000000000000000000000000000000000000000000000000000000000000000000000000000000000000000000000000000000000000000000000000000001101000000000000000000000000000000000000000
00000000000000000000000000000000000000000000000000000000000000000000000000000000000000000000000000000000000000000000000000000000000000000000000000000000000110100000000000000000000000000000000000000000
00000000000000000000000000000000000000000000000000000000000000000000000000000000000000000000000000000000000000000000000000000000000000000000000000000000011010000000000000000000000000000000000000000000
00000000000000000000000000000000000000000000000000000000000000000000000000000000000000000000000000000000000000000000000000000000000000000000000000000001101000000000000000000000000000000000000000000000
00000000000000000000000000000000000000000000000000000000000000000000000000000000000000000000000000000000000000000000000000000000000000000000000000000110100000000000000000000000000000000000000000000000
00000000000000000000000000000000000000000000000000000000000000000000000000000000000000000000000000000000000000000000000000000000000000000000000000011010000000000000000000000000000000000000000000000000
00000000000000000000000000000000000000000000000000000000000000000000000000000000000000000000000000000000000000000000000000000000000000000000000001101000000000000000000000000000000000000000000000000000
00000000000000000000000000000000000000000000000000000000000000000000000000000000000000000000000000000000000000000000000000000000000000000000000110100000000000000000000000000000000000000000000000000000
00000000000000000000000000000000000000000000000000000000000000000000000000000000000000000000000000000000000000000000000000000000000000000000011010000000000000000000000000000000000000000000000000000000
00000000000000000000000000000000000000000000000000000000000000000000000000000000000000000000000000000000000000000000000000000000000000000001101000000000000000000000000000000000000000000000000000000000
00000000000000000000000000000000000000000000000000000000000000000000000000000000000000000000000000000000000000000000000000000000000000000110100000000000000000000000000000000000000000000000000000000000
00000000000000000000000000000000000000000000000000000000000000000000000000000000000000000000000000000000000000000000000000000000000000011010000000000000000000000000000000000000000000000000000000000000
00000000000000000000000000000000000000000000000000000000000000000000000000000000000000000000000000000000000000000000000000000000000001101000000000000000000000000000000000000000000000000000000000000000
00000000000000000000000000000000000000000000000000000000000000000000000000000000000000000000000000000000000000000000000000000000000110100000000000000000000000000000000000000000000000000000000000000000
00000000000000000000000000000000000000000000000000000000000000000000000000000000000000000000000000000000000000000000000000000000011010000000000000000000000000000000000000000000000000000000000000000000
00000000000000000000000000000000000000000000000000000000000000000000000000000000000000000000000000000000000000000000000000000001101000000000000000000000000000000000000000000000000000000000000000000000
00000000000000000000000000000000000000000000000000000000000000000000000000000000000000000000000000000000000000000000000000000110100000000000000000000000000000000000000000000000000000000000000000000000
00000000000000000000000000000000000000000000000000000000000000000000000000000000000000000000000000000000000000000000000000011010000000000000000000000000000000000000000000000000000000000000000000000000
00000000000000000000000000000000000000000000000000000000000000000000000000000000000000000000000000000000000000000000000001101000000000000000000000000000000000000000000000000000000000000000000000000000
00000000000000000000000000000000000000000000000000000000000000000000000000000000000000000000000000000000000000000000000110100000000000000000000000000000000000000000000000000000000000000000000000000000
00000000000000000000000000000000000000000000000000000000000000000000000000000000000000000000000000000000000000000000011010000000000000000000000000000000000000000000000000000000000000000000000000000000
00000000000000000000000000000000000000000000000000000000000000000000000000000000000000000000000000000000000000000001101000000000000000000000000000000000000000000000000000000000000000000000000000000000
00000000000000000000000000000000000000000000000000000000000000000000000000000000000000000000000000000000000000000110100000000000000000000000000000000000000000000000000000000000000000000000000000000000
00000000000000000000000000000000000000000000000000000000000000000000000000000000000000000000000000000000000000011010000000000000000000000000000000000000000000000000000000000000000000000000000000000000
00000000000000000000000000000000000000000000000000000000000000000000000000000000000000000000000000000000000001101000000000000000000000000000000000000000000000000000000000000000000000000000000000000000
00000000000000000000000000000000000000000000000000000000000000000000000000000000000000000000000000000000000110100000000000000000000000000000000000000000000000000000000000000000000000000000000000000000
00000000000000000000000000000000000000000000000000000000000000000000000000000000000000000000000000000000011010000000000000000000000000000000000000000000000000000000000000000000000000000000000000000000
00000000000000000000000000000000000000000000000000000000000000000000000000000000000000000000000000000001101000000000000000000000000000000000000000000000000000000000000000000000000000000000000000000000
00000000000000000000000000000000000000000000000000000000000000000000000000000000000000000000000000000110100000000000000000000000000000000000000000000000000000000000000000000000000000000000000000000000
00000000000000000000000000000000000000000000000000000000000000000000000000000000000000000000000000011010000000000000000000000000000000000000000000000000000000000000000000000000000000000000000000000000
00000000000000000000000000000000000000000000000000000000000000000000000000000000000000000000000001101000000000000000000000000000000000000000000000000000000000000000000000000000000000000000000000000000
00000000000000000000000000000000000000000000000000000000000000000000000000000000000000000000000110100000000000000000000000000000000000000000000000000000000000000000000000000000000000000000000000000000
00000000000000000000000000000000000000000000000000000000000000000000000000000000000000000000011010000000000000000000000000000000000000000000000000000000000000000000000000000000000000000000000000000000
00000000000000000000000000000000000000000000000000000000000000000000000000000000000000000001101000000000000000000000000000000000000000000000000000000000000000000000000000000000000000000000000000000000
00000000000000000000000000000000000000000000000000000000000000000000000000000000000000000110100000000000000000000000000000000000000000000000000000000000000000000000000000000000000000000000000000000000
00000000000000000000000000000000000000000000000000000000000000000000000000000000000000011010000000000000000000000000000000000000000000000000000000000000000000000000000000000000000000000000000000000000
00000000000000000000000000000000000000000000000000000000000000000000000000000000000001101000000000000000000000000000000000000000000000000000000000000000000000000000000000000000000000000000000000000000
00000000000000000000000000000000000000000000000000000000000000000000000000000000000110100000000000000000000000000000000000000000000000000000000000000000000000000000000000000000000000000000000000000000
00000000000000000000000000000000000000000000000000000000000000000000000000000000011010000000000000000000000000000000000000000000000000000000000000000000000000000000000000000000000000000000000000000000
00000000000000000000000000000000000000000000000000000000000000000000000000000001101000000000000000000000000000000000000000000000000000000000000000000000000000000000000000000000000000000000000000000000
00000000000000000000000000000000000000000000000000000000000000000000000000000110100000000000000000000000000000000000000000000000000000000000000000000000000000000000000000000000000000000000000000000000
00000000000000000000000000000000000000000000000000000000000000000000000000011010000000000000000000000000000000000000000000000000000000000000000000000000000000000000000000000000000000000000000000000000
00000000000000000000000000000000000000000000000000000000000000000000000001101000000000000000000000000000000000000000000000000000000000000000000000000000000000000000000000000000000000000000000000000000
00000000000000000000000000000000000000000000000000000000000000000000000110100000000000000000000000000000000000000000000000000000000000000000000000000000000000000000000000000000000000000000000000000000
00000000000000000000000000000000000000000000000000000000000000000000011010000000000000000000000000000000000000000000000000000000000000000000000000000000000000000000000000000000000000000000000000000000
00000000000000000000000000000000000000000000000000000000000000000001101000000000000000000000000000000000000000000000000000000000000000000000000000000000000000000000000000000000000000000000000000000000
00000000000000000000000000000000000000000000000000000000000000000110100000000000000000000000000000000000000000000000000000000000000000000000000000000000000000000000000000000000000000000000000000000000
00000000000000000000000000000000000000000000000000000000000000011010000000000000000000000000000000000000000000000000000000000000000000000000000000000000000000000000000000000000000000000000000000000000
00000000000000000000000000000000000000000000000000000000000001101000000000000000000000000000000000000000000000000000000000000000000000000000000000000000000000000000000000000000000000000000000000000000
00000000000000000000000000000000000000000000000000000000000110100000000000000000000000000000000000000000000000000000000000000000000000000000000000000000000000000000000000000000000000000000000000000000
00000000000000000000000000000000000000000000000000000000011010000000000000000000000000000000000000000000000000000000000000000000000000000000000000000000000000000000000000000000000000000000000000000000
00000000000000000000000000000000000000000000000000000001101000000000000000000000000000000000000000000000000000000000000000000000000000000000000000000000000000000000000000000000000000000000000000000000
00000000000000000000000000000000000000000000000000000110100000000000000000000000000000000000000000000000000000000000000000000000000000000000000000000000000000000000000000000000000000000000000000000000
00000000000000000000000000000000000000000000000000011010000000000000000000000000000000000000000000000000000000000000000000000000000000000000000000000000000000000000000000000000000000000000000000000000
00000000000000000000000000000000000000000000000001101000000000000000000000000000000000000000000000000000000000000000000000000000000000000000000000000000000000000000000000000000000000000000000000000000
00000000000000000000000000000000000000000000000110100000000000000000000000000000000000000000000000000000000000000000000000000000000000000000000000000000000000000000000000000000000000000000000000000000
00000000000000000000000000000000000000000000011010000000000000000000000000000000000000000000000000000000000000000000000000000000000000000000000000000000000000000000000000000000000000000000000000000000
00000000000000000000000000000000000000000001101000000000000000000000000000000000000000000000000000000000000000000000000000000000000000000000000000000000000000000000000000000000000000000000000000000000
00000000000000000000000000000000000000000110100000000000000000000000000000000000000000000000000000000000000000000000000000000000000000000000000000000000000000000000000000000000000000000000000000000000
00000000000000000000000000000000000000011010000000000000000000000000000000000000000000000000000000000000000000000000000000000000000000000000000000000000000000000000000000000000000000000000000000000000
00000000000000000000000000000000000001101000000000000000000000000000000000000000000000000000000000000000000000000000000000000000000000000000000000000000000000000000000000000000000000000000000000000000
00000000000000000000000000000000000110100000000000000000000000000000000000000000000000000000000000000000000000000000000000000000000000000000000000000000000000000000000000000000000000000000000000000000
00000000000000000000000000000000011010000000000000000000000000000000000000000000000000000000000000000000000000000000000000000000000000000000000000000000000000000000000000000000000000000000000000000000
00000000000000000000000000000001101000000000000000000000000000000000000000000000000000000000000000000000000000000000000000000000000000000000000000000000000000000000000000000000000000000000000000000000
00000000000000000000000000000110100000000000000000000000000000000000000000000000000000000000000000000000000000000000000000000000000000000000000000000000000000000000000000000000000000000000000000000000
00000000000000000000000000011010000000000000000000000000000000000000000000000000000000000000000000000000000000000000000000000000000000000000000000000000000000000000000000000000000000000000000000000000
00000000000000000000000001101000000000000000000000000000000000000000000000000000000000000000000000000000000000000000000000000000000000000000000000000000000000000000000000000000000000000000000000000000
00000000000000000000000110100000000000000000000000000000000000000000000000000000000000000000000000000000000000000000000000000000000000000000000000000000000000000000000000000000000000000000000000000000
00000000000000000000011010000000000000000000000000000000000000000000000000000000000000000000000000000000000000000000000000000000000000000000000000000000000000000000000000000000000000000000000000000000
00000000000000000001101000000000000000000000000000000000000000000000000000000000000000000000000000000000000000000000000000000000000000000000000000000000000000000000000000000000000000000000000000000000
00000000000000000110100000000000000000000000000000000000000000000000000000000000000000000000000000000000000000000000000000000000000000000000000000000000000000000000000000000000000000000000000000000000
00000000000000011010000000000000000000000000000000000000000000000000000000000000000000000000000000000000000000000000000000000000000000000000000000000000000000000000000000000000000000000000000000000000
00000000000001101000000000000000000000000000000000000000000000000000000000000000000000000000000000000000000000000000000000000000000000000000000000000000000000000000000000000000000000000000000000000000
00000000000110100000000000000000000000000000000000000000000000000000000000000000000000000000000000000000000000000000000000000000000000000000000000000000000000000000000000000000000000000000000000000000
00000000011010000000000000000000000000000000000000000000000000000000000000000000000000000000000000000000000000000000000000000000000000000000000000000000000000000000000000000000000000000000000000000000
00000001101000000000000000000000000000000000000000000000000000000000000000000000000000000000000000000000000000000000000000000000000000000000000000000000000000000000000000000000000000000000000000000000
00000110100000000000000000000000000000000000000000000000000000000000000000000000000000000000000000000000000000000000000000000000000000000000000000000000000000000000000000000000000000000000000000000000
00011010000000000000000000000000000000000000000000000000000000000000000000000000000000000000000000000000000000000000000000000000000000000000000000000000000000000000000000000000000000000000000000000000
01100000000000000000000000000000000000000000000000000000000000000000000000000000000000000000000000000000000000000000000000000000000000000000000000000000000000000000000000000000000000000000000000000001
10101000000000000000000000000000000000000000000000000000000000000000000000000000000000000000000000000000000000000000000000000000000000000000000000000000000000000000000000000000000000000000000000000000
CYCLES_END

DIAGONAL_TERM_BEGIN
  SIZE 100
  COEFFS_BEGIN
    -1.0 0.0
    -1.0 0.0
    -1.0 0.0
    -1.0 0.0
    -1.0 0.0
    -1.0 0.0
    -1.0 0.0
    -1.0 0.0
    -1.0 0.0
    -1.0 0.0
    -1.0 0.0
    -1.0 0.0
    -1.0 0.0
    -1.0 0.0
    -1.0 0.0
    -1.0 0.0
    -1.0 0.0
    -1.0 0.0
    -1.0 0.0
    -1.0 0.0
    -1.0 0.0
    -1.0 0.0
    -1.0 0.0
    -1.0 0.0
    -1.0 0.0
    -1.0 0.0
    -1.0 0.0
    -1.0 0.0
    -1.0 0.0
    -1.0 0.0
    -1.0 0.0
    -1.0 0.0
    -1.0 0.0
    -1.0 0.0
    -1.0 0.0
    -1.0 0.0
    -1.0 0.0
    -1.0 0.0
    -1.0 0.0
    -1.0 0.0
    -1.0 0.0
    -1.0 0.0
    -1.0 0.0
    -1.0 0.0
    -1.0 0.0
    -1.0 0.0
    -1.0 0.0
    -1.0 0.0
    -1.0 0.0
    -1.0 0.0
    -1.0 0.0
    -1.0 0.0
    -1.0 0.0
    -1.0 0.0
    -1.0 0.0
    -1.0 0.0
    -1.0 0.0
    -1.0 0.0
    -1.0 0.0
    -1.0 0.0
    -1.0 0.0
    -1.0 0.0
    -1.0 0.0
    -1.0 0.0
    -1.0 0.0
    -1.0 0.0
    -1.0 0.0
    -1.0 0.0
    -1.0 0.0
    -1.0 0.0
    -1.0 0.0
    -1.0 0.0
    -1.0 0.0
    -1.0 0.0
    -1.0 0.0
    -1.0 0.0
    -1.0 0.0
    -1.0 0.0
    -1.0 0.0
    -1.0 0.0
    -1.0 0.0
    -1.0 0.0
    -1.0 0.0
    -1.0 0.0
    -1.0 0.0
    -1.0 0.0
    -1.0 0.0
    -1.0 0.0
    -1.0 0.0
    -1.0 0.0
    -1.0 0.0
    -1.0 0.0
    -1.0 0.0
    -1.0 0.0
    -1.0 0.0
    -1.0 0.0
    -1.0 0.0
    -1.0 0.0
    -1.0 0.0
    -1.0 0.0
  COEFFS_END
  PRODUCTS_BEGIN
    0000000000000000000000000000000000000000000000000000000000000000000000000000000000000000000000000011
    0000000000000000000000000000000000000000000000000000000000000000000000000000000000000000000000000110
    0000000000000000000000000000000000000000000000000000000000000000000000000000000000000000000000001100
    0000000000000000000000000000000000000000000000000000000000000000000000000000000000000000000000011000
    0000000000000000000000000000000000000000000000000000000000000000000000000000000000000000000000110000
    0000000000000000000000000000000000000000000000000000000000000000000000000000000000000000000001100000
    0000000000000000000000000000000000000000000000000000000000000000000000000000000000000000000011000000
    0000000000000000000000000000000000000000000000000000000000000000000000000000000000000000000110000000
    0000000000000000000000000000000000000000000000000000000000000000000000000000000000000000001100000000
    0000000000000000000000000000000000000000000000000000000000000000000000000000000000000000011000000000
    0000000000000000000000000000000000000000000000000000000000000000000000000000000000000000110000000000
    0000000000000000000000000000000000000000000000000000000000000000000000000000000000000001100000000000
    0000000000000000000000000000000000000000000000000000000000000000000000000000000000000011000000000000
    0000000000000000000000000000000000000000000000000000000000000000000000000000000000000110000000000000
    0000000000000000000000000000000000000000000000000000000000000000000000000000000000001100000000000000
    0000000000000000000000000000000000000000000000000000000000000000000000000000000000011000000000000000
    0000000000000000000000000000000000000000000000000000000000000000000000000000000000110000000000000000
    0000000000000000000000000000000000000000000000000000000000000000000000000000000001100000000000000000
    0000000000000000000000000000000000000000000000000000000000000000000000000000000011000000000000000000
    0000000000000000000000000000000000000000000000000000000000000000000000000000000110000000000000000000
    0000000000000000000000000000000000000000000000000000000000000000000000000000001100000000000000000000
    0000000000000000000000000000000000000000000000000000000000000000000000000000011000000000000000000000
    0000000000000000000000000000000000000000000000000000000000000000000000000000110000000000000000000000
    0000000000000000000000000000000000000000000000000000000000000000000000000001100000000000000000000000
    0000000000000000000000000000000000000000000000000000000000000000000000000011000000000000000000000000
    0000000000000000000000000000000000000000000000000000000000000000000000000110000000000000000000000000
    0000000000000000000000000000000000000000000000000000000000000000000000001100000000000000000000000000
    0000000000000000000000000000000000000000000000000000000000000000000000011000000000000000000000000000
    0000000000000000000000000000000000000000000000000000000000000000000000110000000000000000000000000000
    0000000000000000000000000000000000000000000000000000000000000000000001100000000000000000000000000000
    0000000000000000000000000000000000000000000000000000000000000000000011000000000000000000000000000000
    0000000000000000000000000000000000000000000000000000000000000000000110000000000000000000000000000000
    0000000000000000000000000000000000000000000000000000000000000000001100000000000000000000000000000000
    0000000000000000000000000000000000000000000000000000000000000000011000000000000000000000000000000000
    0000000000000000000000000000000000000000000000000000000000000000110000000000000000000000000000000000
    0000000000000000000000000000000000000000000000000000000000000001100000000000000000000000000000000000
    0000000000000000000000000000000000000000000000000000000000000011000000000000000000000000000000000000
    0000000000000000000000000000000000000000000000000000000000000110000000000000000000000000000000000000
    0000000000000000000000000000000000000000000000000000000000001100000000000000000000000000000000000000
    0000000000000000000000000000000000000000000000000000000000011000000000000000000000000000000000000000
    0000000000000000000000000000000000000000000000000000000000110000000000000000000000000000000000000000
    0000000000000000000000000000000000000000000000000000000001100000000000000000000000000000000000000000
    0000000000000000000000000000000000000000000000000000000011000000000000000000000000000000000000000000
    0000000000000000000000000000000000000000000000000000000110000000000000000000000000000000000000000000
    0000000000000000000000000000000000000000000000000000001100000000000000000000000000000000000000000000
    0000000000000000000000000000000000000000000000000000011000000000000000000000000000000000000000000000
    0000000000000000000000000000000000000000000000000000110000000000000000000000000000000000000000000000
    0000000000000000000000000000000000000000000000000001100000000000000000000000000000000000000000000000
    0000000000000000000000000000000000000000000000000011000000000000000000000000000000000000000000000000
    0000000000000000000000000000000000000000000000000110000000000000000000000000000000000000000000000000
    0000000000000000000000000000000000000000000000001100000000000000000000000000000000000000000000000000
    0000000000000000000000000000000000000000000000011000000000000000000000000000000000000000000000000000
    0000000000000000000000000000000000000000000000110000000000000000000000000000000000000000000000000000
    0000000000000000000000000000000000000000000001100000000000000000000000000000000000000000000000000000
    0000000000000000000000000000000000000000000011000000000000000000000000000000000000000000000000000000
    0000000000000000000000000000000000000000000110000000000000000000000000000000000000000000000000000000
    0000000000000000000000000000000000000000001100000000000000000000000000000000000000000000000000000000
    0000000000000000000000000000000000000000011000000000000000000000000000000000000000000000000000000000
    0000000000000000000000000000000000000000110000000000000000000000000000000000000000000000000000000000
    0000000000000000000000000000000000000001100000000000000000000000000000000000000000000000000000000000
    0000000000000000000000000000000000000011000000000000000000000000000000000000000000000000000000000000
    0000000000000000000000000000000000000110000000000000000000000000000000000000000000000000000000000000
    0000000000000000000000000000000000001100000000000000000000000000000000000000000000000000000000000000
    0000000000000000000000000000000000011000000000000000000000000000000000000000000000000000000000000000
    0000000000000000000000000000000000110000000000000000000000000000000000000000000000000000000000000000
    0000000000000000000000000000000001100000000000000000000000000000000000000000000000000000000000000000
    0000000000000000000000000000000011000000000000000000000000000000000000000000000000000000000000000000
    0000000000000000000000000000000110000000000000000000000000000000000000000000000000000000000000000000
    0000000000000000000000000000001100000000000000000000000000000000000000000000000000000000000000000000
    0000000000000000000000000000011000000000000000000000000000000000000000000000000000000000000000000000
    0000000000000000000000000000110000000000000000000000000000000000000000000000000000000000000000000000
    0000000000000000000000000001100000000000000000000000000000000000000000000000000000000000000000000000
    0000000000000000000000000011000000000000000000000000000000000000000000000000000000000000000000000000
    0000000000000000000000000110000000000000000000000000000000000000000000000000000000000000000000000000
    0000000000000000000000001100000000000000000000000000000000000000000000000000000000000000000000000000
    0000000000000000000000011000000000000000000000000000000000000000000000000000000000000000000000000000
    0000000000000000000000110000000000000000000000000000000000000000000000000000000000000000000000000000
    0000000000000000000001100000000000000000000000000000000000000000000000000000000000000000000000000000
    0000000000000000000011000000000000000000000000000000000000000000000000000000000000000000000000000000
    0000000000000000000110000000000000000000000000000000000000000000000000000000000000000000000000000000
    0000000000000000001100000000000000000000000000000000000000000000000000000000000000000000000000000000
    0000000000000000011000000000000000000000000000000000000000000000000000000000000000000000000000000000
    0000000000000000110000000000000000000000000000000000000000000000000000000000000000000000000000000000
    0000000000000001100000000000000000000000000000000000000000000000000000000000000000000000000000000000
    0000000000000011000000000000000000000000000000000000000000000000000000000000000000000000000000000000
    0000000000000110000000000000000000000000000000000000000000000000000000000000000000000000000000000000
    0000000000001100000000000000000000000000000000000000000000000000000000000000000000000000000000000000
    0000000000011000000000000000000000000000000000000000000000000000000000000000000000000000000000000000
    0000000000110000000000000000000000000000000000000000000000000000000000000000000000000000000000000000
    0000000001100000000000000000000000000000000000000000000000000000000000000000000000000000000000000000
    0000000011000000000000000000000000000000000000000000000000000000000000000000000000000000000000000000
    0000000110000000000000000000000000000000000000000000000000000000000000000000000000000000000000000000
    0000001100000000000000000000000000000000000000000000000000000000000000000000000000000000000000000000
    0000011000000000000000000000000000000000000000000000000000000000000000000000000000000000000000000000
    0000110000000000000000000000000000000000000000000000000000000000000000000000000000000000000000000000
    0001100000000000000000000000000000000000000000000000000000000000000000000000000000000000000000000000
    0011000000000000000000000000000000000000000000000000000000000000000000000000000000000000000000000000
    0110000000000000000000000000000000000000000000000000000000000000000000000000000000000000000000000000
    1100000000000000000000000000000000000000000000000000000000000000000000000000000000000000000000000000
    1000000000000000000000000000000000000000000000000000000000000000000000000000000000000000000000000001
  PRODUCTS_END
DIAGONAL_TERM_END

OFF_DIAGONAL_TERMS_BEGIN
  SIZES_BEGIN
    1 1 2 1 2 1 2 1 2 1 2 1 2 1 2 1 2 1 2 1 2 1 2 1 2 1 2 1 2 1 2 1 2 1 2 1 2 1 2 1 2 1 2 1 2 1 2 1 2 1 2 1 2 1 2 1 2 1 2 1 2 1 2 1 2 1 2 1 2 1 2 1 2 1 2 1 2 1 2 1 2 1 2 1 2 1 2 1 2 1 2 1 2 1 2 1 2 1 2 1 2 1 2 1 2 1 2 1 2 1 2 1 2 1 2 1 2 1 2 1 2 1 2 1 2 1 2 1 2 1 2 1 2 1 2 1 2 1 2 1 2 1 2 1 2 1 2 1 2 1 2 1 2 1 2 1 2 1 2 1 2 1 2 1 2 1 2 1 2 1 2 1 2 1 2 1 2 1 2 1 2 1 2 1 2 1 2 1 2 1 2 1 2 1 2 1 2 1 2 2
  SIZES_END
  COEFFS_BEGIN
    -0.5 0.0
    -0.5 0.0
    -1.0 0.0 1.0 -0.0
    -0.5 0.0
    -1.0 0.0 1.0 -0.0
    -0.5 0.0
    -1.0 0.0 1.0 -0.0
    -0.5 0.0
    -1.0 0.0 1.0 -0.0
    -0.5 0.0
    -1.0 0.0 1.0 -0.0
    -0.5 0.0
    -1.0 0.0 1.0 -0.0
    -0.5 0.0
    -1.0 0.0 1.0 -0.0
    -0.5 0.0
    -1.0 0.0 1.0 -0.0
    -0.5 0.0
    -1.0 0.0 1.0 -0.0
    -0.5 0.0
    -1.0 0.0 1.0 -0.0
    -0.5 0.0
    -1.0 0.0 1.0 -0.0
    -0.5 0.0
    -1.0 0.0 1.0 -0.0
    -0.5 0.0
    -1.0 0.0 1.0 -0.0
    -0.5 0.0
    -1.0 0.0 1.0 -0.0
    -0.5 0.0
    -1.0 0.0 1.0 -0.0
    -0.5 0.0
    -1.0 0.0 1.0 -0.0
    -0.5 0.0
    -1.0 0.0 1.0 -0.0
    -0.5 0.0
    -1.0 0.0 1.0 -0.0
    -0.5 0.0
    -1.0 0.0 1.0 -0.0
    -0.5 0.0
    -1.0 0.0 1.0 -0.0
    -0.5 0.0
    -1.0 0.0 1.0 -0.0
    -0.5 0.0
    -1.0 0.0 1.0 -0.0
    -0.5 0.0
    -1.0 0.0 1.0 -0.0
    -0.5 0.0
    -1.0 0.0 1.0 -0.0
    -0.5 0.0
    -1.0 0.0 1.0 -0.0
    -0.5 0.0
    -1.0 0.0 1.0 -0.0
    -0.5 0.0
    -1.0 0.0 1.0 -0.0
    -0.5 0.0
    -1.0 0.0 1.0 -0.0
    -0.5 0.0
    -1.0 0.0 1.0 -0.0
    -0.5 0.0
    -1.0 0.0 1.0 -0.0
    -0.5 0.0
    -1.0 0.0 1.0 -0.0
    -0.5 0.0
    -1.0 0.0 1.0 -0.0
    -0.5 0.0
    -1.0 0.0 1.0 -0.0
    -0.5 0.0
    -1.0 0.0 1.0 -0.0
    -0.5 0.0
    -1.0 0.0 1.0 -0.0
    -0.5 0.0
    -1.0 0.0 1.0 -0.0
    -0.5 0.0
    -1.0 0.0 1.0 -0.0
    -0.5 0.0
    -1.0 0.0 1.0 -0.0
    -0.5 0.0
    -1.0 0.0 1.0 -0.0
    -0.5 0.0
    -1.0 0.0 1.0 -0.0
    -0.5 0.0
    -1.0 0.0 1.0 -0.0
    -0.5 0.0
    -1.0 0.0 1.0 -0.0
    -0.5 0.0
    -1.0 0.0 1.0 -0.0
    -0.5 0.0
    -1.0 0.0 1.0 -0.0
    -0.5 0.0
    -1.0 0.0 1.0 -0.0
    -0.5 0.0
    -1.0 0.0 1.0 -0.0
    -0.5 0.0
    -1.0 0.0 1.0 -0.0
    -0.5 0.0
    -1.0 0.0 1.0 -0.0
    -0.5 0.0
    -1.0 0.0 1.0 -0.0
    -0.5 0.0
    -1.0 0.0 1.0 -0.0
    -0.5 0.0
    -1.0 0.0 1.0 -0.0
    -0.5 0.0
    -1.0 0.0 1.0 -0.0
    -0.5 0.0
    -1.0 0.0 1.0 -0.0
    -0.5 0.0
    -1.0 0.0 1.0 -0.0
    -0.5 0.0
    -1.0 0.0 1.0 -0.0
    -0.5 0.0
    -1.0 0.0 1.0 -0.0
    -0.5 0.0
    -1.0 0.0 1.0 -0.0
    -0.5 0.0
    -1.0 0.0 1.0 -0.0
    -0.5 0.0
    -1.0 0.0 1.0 -0.0
    -0.5 0.0
    -1.0 0.0 1.0 -0.0
    -0.5 0.0
    -1.0 0.0 1.0 -0.0
    -0.5 0.0
    -1.0 0.0 1.0 -0.0
    -0.5 0.0
    -1.0 0.0 1.0 -0.0
    -0.5 0.0
    -1.0 0.0 1.0 -0.0
    -0.5 0.0
    -1.0 0.0 1.0 -0.0
    -0.5 0.0
    -1.0 0.0 1.0 -0.0
    -0.5 0.0
    -1.0 0.0 1.0 -0.0
    -0.5 0.0
    -1.0 0.0 1.0 -0.0
    -0.5 0.0
    -1.0 0.0 1.0 -0.0
    -0.5 0.0
    -1.0 0.0 1.0 -0.0
    -0.5 0.0
    -1.0 0.0 1.0 -0.0
    -0.5 0.0
    -1.0 0.0 1.0 -0.0
    -0.5 0.0
    -1.0 0.0 1.0 -0.0
    -0.5 0.0
    -1.0 0.0 1.0 -0.0
    -0.5 0.0
    -1.0 0.0 1.0 -0.0
    -0.5 0.0
    -1.0 0.0 1.0 -0.0
    -0.5 0.0
    -1.0 0.0 1.0 -0.0
    -0.5 0.0
    -1.0 0.0 1.0 -0.0
    -0.5 0.0
    -1.0 0.0 1.0 -0.0
    -0.5 0.0
    -1.0 0.0 1.0 -0.0
    -0.5 0.0
    -1.0 0.0 1.0 -0.0
    -0.5 0.0
    -1.0 0.0 1.0 -0.0
    -0.5 0.0
    -1.0 0.0 1.0 -0.0
    -0.5 0.0
    -1.0 0.0 1.0 -0.0
    -0.5 0.0
    -1.0 0.0 1.0 -0.0
    -0.5 0.0
    -1.0 0.0 1.0 -0.0
    -0.5 0.0
    -1.0 0.0 1.0 -0.0
    -0.5 0.0
    -1.0 0.0 1.0 -0.0
    -0.5 0.0
    -1.0 0.0 1.0 -0.0
    -0.5 0.0
    -1.0 0.0 1.0 -0.0
    -0.5 0.0
    -1.0 0.0 1.0 -0.0
    -0.5 0.0
    -1.0 0.0 1.0 -0.0
    -0.5 0.0
    -1.0 0.0 1.0 -0.0
    -0.5 0.0
    -1.0 0.0 1.0 -0.0
    -0.5 0.0
    -1.0 0.0 1.0 -0.0
    -0.5 0.0
    -1.0 0.0 1.0 -0.0
    -0.5 0.0
    -1.0 0.0 1.0 -0.0
    -0.5 0.0
    -1.0 0.0 1.0 -0.0
    -0.5 0.0
    -1.0 0.0 1.0 -0.0
    -1.0 0.0 1.0 -0.0
  COEFFS_END
  PRODUCTS_BEGIN
    0000000000000000000000000000000000000000000000000000000000000000000000000000000000000000000000000000
    0000000000000000000000000000000000000000000000000000000000000000000000000000000000000000000000000000
    0000000000000000000000000000000000000000000000000000000000000000000000000000000000000000000000000000;0000000000000000000000000000000000000000000000000000000000000000000000000000000000000000000000000011
    0000000000000000000000000000000000000000000000000000000000000000000000000000000000000000000000000000
    0000000000000000000000000000000000000000000000000000000000000000000000000000000000000000000000000000;0000000000000000000000000000000000000000000000000000000000000000000000000000000000000000000000000110
    0000000000000000000000000000000000000000000000000000000000000000000000000000000000000000000000000000
    0000000000000000000000000000000000000000000000000000000000000000000000000000000000000000000000000000;0000000000000000000000000000000000000000000000000000000000000000000000000000000000000000000000001100
    0000000000000000000000000000000000000000000000000000000000000000000000000000000000000000000000000000
    0000000000000000000000000000000000000000000000000000000000000000000000000000000000000000000000000000;0000000000000000000000000000000000000000000000000000000000000000000000000000000000000000000000011000
    0000000000000000000000000000000000000000000000000000000000000000000000000000000000000000000000000000
    0000000000000000000000000000000000000000000000000000000000000000000000000000000000000000000000000000;0000000000000000000000000000000000000000000000000000000000000000000000000000000000000000000000110000
    0000000000000000000000000000000000000000000000000000000000000000000000000000000000000000000000000000
    0000000000000000000000000000000000000000000000000000000000000000000000000000000000000000000000000000;0000000000000000000000000000000000000000000000000000000000000000000000000000000000000000000001100000
    0000000000000000000000000000000000000000000000000000000000000000000000000000000000000000000000000000
    0000000000000000000000000000000000000000000000000000000000000000000000000000000000000000000000000000;0000000000000000000000000000000000000000000000000000000000000000000000000000000000000000000011000000
    0000000000000000000000000000000000000000000000000000000000000000000000000000000000000000000000000000
    0000000000000000000000000000000000000000000000000000000000000000000000000000000000000000000000000000;0000000000000000000000000000000000000000000000000000000000000000000000000000000000000000000110000000
    0000000000000000000000000000000000000000000000000000000000000000000000000000000000000000000000000000
    0000000000000000000000000000000000000000000000000000000000000000000000000000000000000000000000000000;0000000000000000000000000000000000000000000000000000000000000000000000000000000000000000001100000000
    0000000000000000000000000000000000000000000000000000000000000000000000000000000000000000000000000000
    0000000000000000000000000000000000000000000000000000000000000000000000000000000000000000000000000000;0000000000000000000000000000000000000000000000000000000000000000000000000000000000000000011000000000
    0000000000000000000000000000000000000000000000000000000000000000000000000000000000000000000000000000
    0000000000000000000000000000000000000000000000000000000000000000000000000000000000000000000000000000;0000000000000000000000000000000000000000000000000000000000000000000000000000000000000000110000000000
    0000000000000000000000000000000000000000000000000000000000000000000000000000000000000000000000000000
    0000000000000000000000000000000000000000000000000000000000000000000000000000000000000000000000000000;0000000000000000000000000000000000000000000000000000000000000000000000000000000000000001100000000000
    0000000000000000000000000000000000000000000000000000000000000000000000000000000000000000000000000000
    0000000000000000000000000000000000000000000000000000000000000000000000000000000000000000000000000000;0000000000000000000000000000000000000000000000000000000000000000000000000000000000000011000000000000
    0000000000000000000000000000000000000000000000000000000000000000000000000000000000000000000000000000
    0000000000000000000000000000000000000000000000000000000000000000000000000000000000000000000000000000;0000000000000000000000000000000000000000000000000000000000000000000000000000000000000110000000000000
    0000000000000000000000000000000000000000000000000000000000000000000000000000000000000000000000000000
    0000000000000000000000000000000000000000000000000000000000000000000000000000000000000000000000000000;0000000000000000000000000000000000000000000000000000000000000000000000000000000000001100000000000000
    0000000000000000000000000000000000000000000000000000000000000000000000000000000000000000000000000000
    0000000000000000000000000000000000000000000000000000000000000000000000000000000000000000000000000000;0000000000000000000000000000000000000000000000000000000000000000000000000000000000011000000000000000
    0000000000000000000000000000000000000000000000000000000000000000000000000000000000000000000000000000
    0000000000000000000000000000000000000000000000000000000000000000000000000000000000000000000000000000;0000000000000000000000000000000000000000000000000000000000000000000000000000000000110000000000000000
    0000000000000000000000000000000000000000000000000000000000000000000000000000000000000000000000000000
    0000000000000000000000000000000000000000000000000000000000000000000000000000000000000000000000000000;0000000000000000000000000000000000000000000000000000000000000000000000000000000001100000000000000000
    0000000000000000000000000000000000000000000000000000000000000000000000000000000000000000000000000000
    0000000000000000000000000000000000000000000000000000000000000000000000000000000000000000000000000000;0000000000000000000000000000000000000000000000000000000000000000000000000000000011000000000000000000
    0000000000000000000000000000000000000000000000000000000000000000000000000000000000000000000000000000
    0000000000000000000000000000000000000000000000000000000000000000000000000000000000000000000000000000;0000000000000000000000000000000000000000000000000000000000000000000000000000000110000000000000000000
    0000000000000000000000000000000000000000000000000000000000000000000000000000000000000000000000000000
    0000000000000000000000000000000000000000000000000000000000000000000000000000000000000000000000000000;0000000000000000000000000000000000000000000000000000000000000000000000000000001100000000000000000000
    0000000000000000000000000000000000000000000000000000000000000000000000000000000000000000000000000000
    0000000000000000000000000000000000000000000000000000000000000000000000000000000000000000000000000000;0000000000000000000000000000000000000000000000000000000000000000000000000000011000000000000000000000
    0000000000000000000000000000000000000000000000000000000000000000000000000000000000000000000000000000
    0000000000000000000000000000000000000000000000000000000000000000000000000000000000000000000000000000;0000000000000000000000000000000000000000000000000000000000000000000000000000110000000000000000000000
    0000000000000000000000000000000000000000000000000000000000000000000000000000000000000000000000000000
    0000000000000000000000000000000000000000000000000000000000000000000000000000000000000000000000000000;0000000000000000000000000000000000000000000000000000000000000000000000000001100000000000000000000000
    0000000000000000000000000000000000000000000000000000000000000000000000000000000000000000000000000000
    0000000000000000000000000000000000000000000000000000000000000000000000000000000000000000000000000000;0000000000000000000000000000000000000000000000000000000000000000000000000011000000000000000000000000
    0000000000000000000000000000000000000000000000000000000000000000000000000000000000000000000000000000
    0000000000000000000000000000000000000000000000000000000000000000000000000000000000000000000000000000;0000000000000000000000000000000000000000000000000000000000000000000000000110000000000000000000000000
    0000000000000000000000000000000000000000000000000000000000000000000000000000000000000000000000000000
    0000000000000000000000000000000000000000000000000000000000000000000000000000000000000000000000000000;0000000000000000000000000000000000000000000000000000000000000000000000001100000000000000000000000000
    0000000000000000000000000000000000000000000000000000000000000000000000000000000000000000000000000000
    0000000000000000000000000000000000000000000000000000000000000000000000000000000000000000000000000000;0000000000000000000000000000000000000000000000000000000000000000000000011000000000000000000000000000
    0000000000000000000000000000000000000000000000000000000000000000000000000000000000000000000000000000
    0000000000000000000000000000000000000000000000000000000000000000000000000000000000000000000000000000;0000000000000000000000000000000000000000000000000000000000000000000000110000000000000000000000000000
    0000000000000000000000000000000000000000000000000000000000000000000000000000000000000000000000000000
    0000000000000000000000000000000000000000000000000000000000000000000000000000000000000000000000000000;0000000000000000000000000000000000000000000000000000000000000000000001100000000000000000000000000000
    0000000000000000000000000000000000000000000000000000000000000000000000000000000000000000000000000000
    0000000000000000000000000000000000000000000000000000000000000000000000000000000000000000000000000000;0000000000000000000000000000000000000000000000000000000000000000000011000000000000000000000000000000
    0000000000000000000000000000000000000000000000000000000000000000000000000000000000000000000000000000
    0000000000000000000000000000000000000000000000000000000000000000000000000000000000000000000000000000;0000000000000000000000000000000000000000000000000000000000000000000110000000000000000000000000000000
    0000000000000000000000000000000000000000000000000000000000000000000000000000000000000000000000000000
    0000000000000000000000000000000000000000000000000000000000000000000000000000000000000000000000000000;0000000000000000000000000000000000000000000000000000000000000000001100000000000000000000000000000000
    0000000000000000000000000000000000000000000000000000000000000000000000000000000000000000000000000000
    0000000000000000000000000000000000000000000000000000000000000000000000000000000000000000000000000000;0000000000000000000000000000000000000000000000000000000000000000011000000000000000000000000000000000
    0000000000000000000000000000000000000000000000000000000000000000000000000000000000000000000000000000
    0000000000000000000000000000000000000000000000000000000000000000000000000000000000000000000000000000;0000000000000000000000000000000000000000000000000000000000000000110000000000000000000000000000000000
    0000000000000000000000000000000000000000000000000000000000000000000000000000000000000000000000000000
    0000000000000000000000000000000000000000000000000000000000000000000000000000000000000000000000000000;0000000000000000000000000000000000000000000000000000000000000001100000000000000000000000000000000000
    0000000000000000000000000000000000000000000000000000000000000000000000000000000000000000000000000000
    0000000000000000000000000000000000000000000000000000000000000000000000000000000000000000000000000000;0000000000000000000000000000000000000000000000000000000000000011000000000000000000000000000000000000
    0000000000000000000000000000000000000000000000000000000000000000000000000000000000000000000000000000
    0000000000000000000000000000000000000000000000000000000000000000000000000000000000000000000000000000;0000000000000000000000000000000000000000000000000000000000000110000000000000000000000000000000000000
    0000000000000000000000000000000000000000000000000000000000000000000000000000000000000000000000000000
    0000000000000000000000000000000000000000000000000000000000000000000000000000000000000000000000000000;0000000000000000000000000000000000000000000000000000000000001100000000000000000000000000000000000000
    0000000000000000000000000000000000000000000000000000000000000000000000000000000000000000000000000000
    0000000000000000000000000000000000000000000000000000000000000000000000000000000000000000000000000000;0000000000000000000000000000000000000000000000000000000000011000000000000000000000000000000000000000
    0000000000000000000000000000000000000000000000000000000000000000000000000000000000000000000000000000
    0000000000000000000000000000000000000000000000000000000000000000000000000000000000000000000000000000;0000000000000000000000000000000000000000000000000000000000110000000000000000000000000000000000000000
    0000000000000000000000000000000000000000000000000000000000000000000000000000000000000000000000000000
    0000000000000000000000000000000000000000000000000000000000000000000000000000000000000000000000000000;0000000000000000000000000000000000000000000000000000000001100000000000000000000000000000000000000000
    0000000000000000000000000000000000000000000000000000000000000000000000000000000000000000000000000000
    0000000000000000000000000000000000000000000000000000000000000000000000000000000000000000000000000000;0000000000000000000000000000000000000000000000000000000011000000000000000000000000000000000000000000
    0000000000000000000000000000000000000000000000000000000000000000000000000000000000000000000000000000
    0000000000000000000000000000000000000000000000000000000000000000000000000000000000000000000000000000;0000000000000000000000000000000000000000000000000000000110000000000000000000000000000000000000000000
    0000000000000000000000000000000000000000000000000000000000000000000000000000000000000000000000000000
    0000000000000000000000000000000000000000000000000000000000000000000000000000000000000000000000000000;0000000000000000000000000000000000000000000000000000001100000000000000000000000000000000000000000000
    0000000000000000000000000000000000000000000000000000000000000000000000000000000000000000000000000000
    0000000000000000000000000000000000000000000000000000000000000000000000000000000000000000000000000000;0000000000000000000000000000000000000000000000000000011000000000000000000000000000000000000000000000
    0000000000000000000000000000000000000000000000000000000000000000000000000000000000000000000000000000
    0000000000000000000000000000000000000000000000000000000000000000000000000000000000000000000000000000;0000000000000000000000000000000000000000000000000000110000000000000000000000000000000000000000000000
    0000000000000000000000000000000000000000000000000000000000000000000000000000000000000000000000000000
    0000000000000000000000000000000000000000000000000000000000000000000000000000000000000000000000000000;0000000000000000000000000000000000000000000000000001100000000000000000000000000000000000000000000000
    0000000000000000000000000000000000000000000000000000000000000000000000000000000000000000000000000000
    0000000000000000000000000000000000000000000000000000000000000000000000000000000000000000000000000000;0000000000000000000000000000000000000000000000000011000000000000000000000000000000000000000000000000
    0000000000000000000000000000000000000000000000000000000000000000000000000000000000000000000000000000
    0000000000000000000000000000000000000000000000000000000000000000000000000000000000000000000000000000;0000000000000000000000000000000000000000000000000110000000000000000000000000000000000000000000000000
    0000000000000000000000000000000000000000000000000000000000000000000000000000000000000000000000000000
    0000000000000000000000000000000000000000000000000000000000000000000000000000000000000000000000000000;0000000000000000000000000000000000000000000000001100000000000000000000000000000000000000000000000000
    0000000000000000000000000000000000000000000000000000000000000000000000000000000000000000000000000000
    0000000000000000000000000000000000000000000000000000000000000000000000000000000000000000000000000000;0000000000000000000000000000000000000000000000011000000000000000000000000000000000000000000000000000
    0000000000000000000000000000000000000000000000000000000000000000000000000000000000000000000000000000
    0000000000000000000000000000000000000000000000000000000000000000000000000000000000000000000000000000;0000000000000000000000000000000000000000000000110000000000000000000000000000000000000000000000000000
    0000000000000000000000000000000000000000000000000000000000000000000000000000000000000000000000000000
    0000000000000000000000000000000000000000000000000000000000000000000000000000000000000000000000000000;0000000000000000000000000000000000000000000001100000000000000000000000000000000000000000000000000000
    0000000000000000000000000000000000000000000000000000000000000000000000000000000000000000000000000000
    0000000000000000000000000000000000000000000000000000000000000000000000000000000000000000000000000000;0000000000000000000000000000000000000000000011000000000000000000000000000000000000000000000000000000
    0000000000000000000000000000000000000000000000000000000000000000000000000000000000000000000000000000
    0000000000000000000000000000000000000000000000000000000000000000000000000000000000000000000000000000;0000000000000000000000000000000000000000000110000000000000000000000000000000000000000000000000000000
    0000000000000000000000000000000000000000000000000000000000000000000000000000000000000000000000000000
    0000000000000000000000000000000000000000000000000000000000000000000000000000000000000000000000000000;0000000000000000000000000000000000000000001100000000000000000000000000000000000000000000000000000000
    0000000000000000000000000000000000000000000000000000000000000000000000000000000000000000000000000000
    0000000000000000000000000000000000000000000000000000000000000000000000000000000000000000000000000000;0000000000000000000000000000000000000000011000000000000000000000000000000000000000000000000000000000
    0000000000000000000000000000000000000000000000000000000000000000000000000000000000000000000000000000
    0000000000000000000000000000000000000000000000000000000000000000000000000000000000000000000000000000;0000000000000000000000000000000000000000110000000000000000000000000000000000000000000000000000000000
    0000000000000000000000000000000000000000000000000000000000000000000000000000000000000000000000000000
    0000000000000000000000000000000000000000000000000000000000000000000000000000000000000000000000000000;0000000000000000000000000000000000000001100000000000000000000000000000000000000000000000000000000000
    0000000000000000000000000000000000000000000000000000000000000000000000000000000000000000000000000000
    0000000000000000000000000000000000000000000000000000000000000000000000000000000000000000000000000000;0000000000000000000000000000000000000011000000000000000000000000000000000000000000000000000000000000
    0000000000000000000000000000000000000000000000000000000000000000000000000000000000000000000000000000
    0000000000000000000000000000000000000000000000000000000000000000000000000000000000000000000000000000;0000000000000000000000000000000000000110000000000000000000000000000000000000000000000000000000000000
    0000000000000000000000000000000000000000000000000000000000000000000000000000000000000000000000000000
    0000000000000000000000000000000000000000000000000000000000000000000000000000000000000000000000000000;0000000000000000000000000000000000001100000000000000000000000000000000000000000000000000000000000000
    0000000000000000000000000000000000000000000000000000000000000000000000000000000000000000000000000000
    0000000000000000000000000000000000000000000000000000000000000000000000000000000000000000000000000000;0000000000000000000000000000000000011000000000000000000000000000000000000000000000000000000000000000
    0000000000000000000000000000000000000000000000000000000000000000000000000000000000000000000000000000
    0000000000000000000000000000000000000000000000000000000000000000000000000000000000000000000000000000;0000000000000000000000000000000000110000000000000000000000000000000000000000000000000000000000000000
    0000000000000000000000000000000000000000000000000000000000000000000000000000000000000000000000000000
    0000000000000000000000000000000000000000000000000000000000000000000000000000000000000000000000000000;0000000000000000000000000000000001100000000000000000000000000000000000000000000000000000000000000000
    0000000000000000000000000000000000000000000000000000000000000000000000000000000000000000000000000000
    0000000000000000000000000000000000000000000000000000000000000000000000000000000000000000000000000000;0000000000000000000000000000000011000000000000000000000000000000000000000000000000000000000000000000
    0000000000000000000000000000000000000000000000000000000000000000000000000000000000000000000000000000
    0000000000000000000000000000000000000000000000000000000000000000000000000000000000000000000000000000;0000000000000000000000000000000110000000000000000000000000000000000000000000000000000000000000000000
    0000000000000000000000000000000000000000000000000000000000000000000000000000000000000000000000000000
    0000000000000000000000000000000000000000000000000000000000000000000000000000000000000000000000000000;0000000000000000000000000000001100000000000000000000000000000000000000000000000000000000000000000000
    0000000000000000000000000000000000000000000000000000000000000000000000000000000000000000000000000000
    0000000000000000000000000000000000000000000000000000000000000000000000000000000000000000000000000000;0000000000000000000000000000011000000000000000000000000000000000000000000000000000000000000000000000
    0000000000000000000000000000000000000000000000000000000000000000000000000000000000000000000000000000
    0000000000000000000000000000000000000000000000000000000000000000000000000000000000000000000000000000;0000000000000000000000000000110000000000000000000000000000000000000000000000000000000000000000000000
    0000000000000000000000000000000000000000000000000000000000000000000000000000000000000000000000000000
    0000000000000000000000000000000000000000000000000000000000000000000000000000000000000000000000000000;0000000000000000000000000001100000000000000000000000000000000000000000000000000000000000000000000000
    0000000000000000000000000000000000000000000000000000000000000000000000000000000000000000000000000000
    0000000000000000000000000000000000000000000000000000000000000000000000000000000000000000000000000000;0000000000000000000000000011000000000000000000000000000000000000000000000000000000000000000000000000
    0000000000000000000000000000000000000000000000000000000000000000000000000000000000000000000000000000
    0000000000000000000000000000000000000000000000000000000000000000000000000000000000000000000000000000;0000000000000000000000000110000000000000000000000000000000000000000000000000000000000000000000000000
    0000000000000000000000000000000000000000000000000000000000000000000000000000000000000000000000000000
    0000000000000000000000000000000000000000000000000000000000000000000000000000000000000000000000000000;0000000000000000000000001100000000000000000000000000000000000000000000000000000000000000000000000000
    0000000000000000000000000000000000000000000000000000000000000000000000000000000000000000000000000000
    0000000000000000000000000000000000000000000000000000000000000000000000000000000000000000000000000000;0000000000000000000000011000000000000000000000000000000000000000000000000000000000000000000000000000
    0000000000000000000000000000000000000000000000000000000000000000000000000000000000000000000000000000
    0000000000000000000000000000000000000000000000000000000000000000000000000000000000000000000000000000;0000000000000000000000110000000000000000000000000000000000000000000000000000000000000000000000000000
    0000000000000000000000000000000000000000000000000000000000000000000000000000000000000000000000000000
    0000000000000000000000000000000000000000000000000000000000000000000000000000000000000000000000000000;0000000000000000000001100000000000000000000000000000000000000000000000000000000000000000000000000000
    0000000000000000000000000000000000000000000000000000000000000000000000000000000000000000000000000000
    0000000000000000000000000000000000000000000000000000000000000000000000000000000000000000000000000000;0000000000000000000011000000000000000000000000000000000000000000000000000000000000000000000000000000
    0000000000000000000000000000000000000000000000000000000000000000000000000000000000000000000000000000
    0000000000000000000000000000000000000000000000000000000000000000000000000000000000000000000000000000;0000000000000000000110000000000000000000000000000000000000000000000000000000000000000000000000000000
    0000000000000000000000000000000000000000000000000000000000000000000000000000000000000000000000000000
    0000000000000000000000000000000000000000000000000000000000000000000000000000000000000000000000000000;0000000000000000001100000000000000000000000000000000000000000000000000000000000000000000000000000000
    0000000000000000000000000000000000000000000000000000000000000000000000000000000000000000000000000000
    0000000000000000000000000000000000000000000000000000000000000000000000000000000000000000000000000000;0000000000000000011000000000000000000000000000000000000000000000000000000000000000000000000000000000
    0000000000000000000000000000000000000000000000000000000000000000000000000000000000000000000000000000
    0000000000000000000000000000000000000000000000000000000000000000000000000000000000000000000000000000;0000000000000000110000000000000000000000000000000000000000000000000000000000000000000000000000000000
    0000000000000000000000000000000000000000000000000000000000000000000000000000000000000000000000000000
    0000000000000000000000000000000000000000000000000000000000000000000000000000000000000000000000000000;0000000000000001100000000000000000000000000000000000000000000000000000000000000000000000000000000000
    0000000000000000000000000000000000000000000000000000000000000000000000000000000000000000000000000000
    0000000000000000000000000000000000000000000000000000000000000000000000000000000000000000000000000000;0000000000000011000000000000000000000000000000000000000000000000000000000000000000000000000000000000
    0000000000000000000000000000000000000000000000000000000000000000000000000000000000000000000000000000
    0000000000000000000000000000000000000000000000000000000000000000000000000000000000000000000000000000;0000000000000110000000000000000000000000000000000000000000000000000000000000000000000000000000000000
    0000000000000000000000000000000000000000000000000000000000000000000000000000000000000000000000000000
    0000000000000000000000000000000000000000000000000000000000000000000000000000000000000000000000000000;0000000000001100000000000000000000000000000000000000000000000000000000000000000000000000000000000000
    0000000000000000000000000000000000000000000000000000000000000000000000000000000000000000000000000000
    0000000000000000000000000000000000000000000000000000000000000000000000000000000000000000000000000000;0000000000011000000000000000000000000000000000000000000000000000000000000000000000000000000000000000
    0000000000000000000000000000000000000000000000000000000000000000000000000000000000000000000000000000
    0000000000000000000000000000000000000000000000000000000000000000000000000000000000000000000000000000;0000000000110000000000000000000000000000000000000000000000000000000000000000000000000000000000000000
    0000000000000000000000000000000000000000000000000000000000000000000000000000000000000000000000000000
    0000000000000000000000000000000000000000000000000000000000000000000000000000000000000000000000000000;0000000001100000000000000000000000000000000000000000000000000000000000000000000000000000000000000000
    0000000000000000000000000000000000000000000000000000000000000000000000000000000000000000000000000000
    0000000000000000000000000000000000000000000000000000000000000000000000000000000000000000000000000000;0000000011000000000000000000000000000000000000000000000000000000000000000000000000000000000000000000
    0000000000000000000000000000000000000000000000000000000000000000000000000000000000000000000000000000
    0000000000000000000000000000000000000000000000000000000000000000000000000000000000000000000000000000;0000000110000000000000000000000000000000000000000000000000000000000000000000000000000000000000000000
    0000000000000000000000000000000000000000000000000000000000000000000000000000000000000000000000000000
    0000000000000000000000000000000000000000000000000000000000000000000000000000000000000000000000000000;0000001100000000000000000000000000000000000000000000000000000000000000000000000000000000000000000000
    0000000000000000000000000000000000000000000000000000000000000000000000000000000000000000000000000000
    0000000000000000000000000000000000000000000000000000000000000000000000000000000000000000000000000000;0000011000000000000000000000000000000000000000000000000000000000000000000000000000000000000000000000
    0000000000000000000000000000000000000000000000000000000000000000000000000000000000000000000000000000
    0000000000000000000000000000000000000000000000000000000000000000000000000000000000000000000000000000;0000110000000000000000000000000000000000000000000000000000000000000000000000000000000000000000000000
    0000000000000000000000000000000000000000000000000000000000000000000000000000000000000000000000000000
    0000000000000000000000000000000000000000000000000000000000000000000000000000000000000000000000000000;0001100000000000000000000000000000000000000000000000000000000000000000000000000000000000000000000000
    0000000000000000000000000000000000000000000000000000000000000000000000000000000000000000000000000000
    0000000000000000000000000000000000000000000000000000000000000000000000000000000000000000000000000000;0011000000000000000000000000000000000000000000000000000000000000000000000000000000000000000000000000
    0000000000000000000000000000000000000000000000000000000000000000000000000000000000000000000000000000
    0000000000000000000000000000000000000000000000000000000000000000000000000000000000000000000000000000;0110000000000000000000000000000000000000000000000000000000000000000000000000000000000000000000000000
    0000000000000000000000000000000000000000000000000000000000000000000000000000000000000000000000000000
    0000000000000000000000000000000000000000000000000000000000000000000000000000000000000000000000000000;1000000000000000000000000000000000000000000000000000000000000000000000000000000000000000000000000001
    0000000000000000000000000000000000000000000000000000000000000000000000000000000000000000000000000000;1100000000000000000000000000000000000000000000000000000000000000000000000000000000000000000000000000
  PRODUCTS_END
OFF_DIAGONAL_TERMS_END
